COL=[	-1031.0000	-1095.0000	-1199.0000	-1178.0000	-995.0000	-1195.0000	-616.0000	-842.0000	-858.0000	-413.0000	-571.0000	-690.0000	-663.0000	-858.0000	-523.0000	-670.0000	-767.0000	-812.0000	-776.0000	-1158.0000	-1140.0000	-596.0000	-821.0000	-1339.0000	-1453.0000	-1581.0000	-1574.0000	-785.0000	;
	-8.0000	-4.0000	-10.0000	-10.0000	-10.0000	-13.0000	-14.0000	-18.0000	-12.0000	-13.0000	-13.0000	-13.0000	-13.0000	-13.0000	-13.0000	-13.0000	-13.0000	-13.0000	-13.0000	0.0000	0.0000	0.0000	0.0000	-228.0000	-233.0000	-235.0000	-255.0000	-271.0000	;
	-101.0000	-112.0000	-194.0000	-139.0000	-110.0000	-60.0000	-60.0000	-61.0000	-39.0000	-20.0000	-15.0000	-15.0000	-13.0000	-20.0000	-19.0000	-19.0000	-20.0000	-29.0000	-29.0000	-92.0000	-144.0000	-41.0000	-100.0000	-355.0000	-359.0000	-631.0000	-908.0000	-339.0000	;
	-1140.0000	-1211.0000	-1403.0000	-1327.0000	-1115.0000	-1268.0000	-690.0000	-921.0000	-909.0000	-446.0000	-599.0000	-718.0000	-689.0000	-891.0000	-555.0000	-702.0000	-800.0000	-854.0000	-818.0000	-1250.0000	-1284.0000	-637.0000	-1722.0000	-3003.0000	-3356.0000	-3338.0000	-2986.0000	-2354.0000	;
	3.7080	3.8030	4.6690	4.3500	3.5410	4.2730	1.8730	3.0630	2.6790	1.9550	2.2010	2.3620	2.3080	2.9280	1.9960	2.4690	2.9360	3.4794	3.0288	4.2390	3.9136	2.3000	3.4109	5.8168	7.1360	7.0438	6.2100	3.1820	;
	4.4990	4.7860	4.9410	5.4450	4.9470	5.5520	5.2410	9.3050	10.7240	6.5510	8.2530	8.6850	8.1810	6.8260	7.0130	7.3990	7.3795	6.5716	5.7665	10.9497	11.4398	7.6420	8.9939	10.7088	10.7050	10.5667	15.9350	10.7170	;
	0.3790	0.4060	0.7130	0.5180	0.4180	0.2540	0.2610	0.2800	0.1800	0.1180	0.1010	0.1010	0.0940	0.1180	0.1140	0.1140	0.1180	0.1511	0.1510	0.3222	0.4798	0.1450	0.3430	0.2934	0.1650	0.1629	4.0760	2.2140	;
	8.5860	8.9950	10.3230	10.3130	8.9060	10.0790	7.3750	12.6480	13.5830	8.6240	10.5550	11.1480	10.5830	9.8720	9.1230	9.9820	10.4335	10.2021	8.9464	15.5108	15.8332	10.0870	12.7478	16.8190	18.0060	17.7735	26.2210	16.1130	;
	36.3570	36.9900	32.9440	38.5590	41.4090	42.7160	43.3620	44.6050	44.8970	42.8220	43.1250	43.4420	45.0420	46.5410	49.7190	50.3370	53.7830	55.2460	55.9530	57.1890	56.7920	61.0050	62.3370	64.6860	69.9200	69.0170	76.8280	78.9730	;
	4.3380	4.6035	4.9855	4.8065	4.1058	4.9359	2.6733	3.5297	3.5364	1.8081	2.4237	2.9022	2.8043	3.5364	2.2687	2.8385	3.1358	3.3126	3.1945	4.6993	4.3230	2.8302	3.3076	5.0688	5.5843	7.0671	6.0000	3.5090	;
	2.9049	3.0900	3.1900	3.5156	3.1942	3.5850	3.1873	5.1844	5.3948	3.3414	4.4100	4.1725	4.0535	3.4245	3.4522	3.6727	3.5797	3.5767	2.6646	5.0840	5.3120	3.4776	4.0642	6.2283	6.8617	7.8443	7.0000	5.5319	;
	0.3374	0.3631	0.6438	0.4637	0.3720	0.2263	0.2294	0.2448	0.1601	0.1031	0.0873	0.0873	0.0810	0.1031	0.0999	0.0999	0.1031	0.1316	0.1316	0.2878	0.4289	0.2808	0.3282	0.5029	0.5541	2.0351	4.0000	1.5592	;
	7.5803	8.0566	8.8194	8.7858	7.6721	8.7472	6.0900	8.9589	9.0913	5.2526	6.9211	7.1621	6.9388	7.0640	5.8209	6.6112	6.8186	7.0209	5.9907	10.0711	10.0639	6.5885	7.7000	11.8000	13.0000	16.9465	17.0000	10.6000	;
	2.2410	2.8920	4.2300	4.4900	4.7560	4.7710	5.4590	6.4740	4.6160	4.6497	4.6500	4.7417	4.7112	4.3480	4.4580	4.3760	4.3850	4.3750	4.4630	4.4930	4.9710	4.6910	4.6170	4.6640	4.6750	4.9000	4.9000	4.9000	;
	8.8490	9.5990	11.0240	12.1850	12.6580	12.6470	13.5140	14.6140	12.8180	13.2236	12.7150	13.4626	13.7885	13.1810	13.3750	13.4280	13.4530	13.4840	13.6795	13.7095	14.4475	14.6285	14.6145	14.7595	15.8350	16.6600	16.6600	16.6600	];

Wf1(1,:)=-11630000*COL(1,:);%
Wf3(1,:)=-11630000*(COL(2,:)+COL(3,:));%%
Wf2(1,:)=-11630000*COL(4,:);%
Wf(1,:)=Wf1(1,:)+Wf2(1,:)+Wf3(1,:); %Fossil Input PowerStation (kWh)
Ef1(1,:)=10^9*COL(5,:);%
Ef2(1,:)=10^9*COL(6,:);%
Ef3(1,:)=10^9*COL(7,:);%
Ef(1,:)=10^9*COL(8,:);%
Et(1,:)=10^9*COL(9,:);%
C1(1,:)=10^12*COL(10,:);%  Coal  CO2 emissions from electricity and heat production, total (Mt)
C2(1,:)=10^12*COL(11,:);%  NAt Gas     CO2 emissions from electricity and heat production, total (Mt)
C3(1,:)=10^12*COL(12,:);%  Oil     CO2 emissions from electricity and heat production, total (Mt)
C(1,:)=10^12*COL(13,:);%   Total    CO2 emissions from electricity and heat production, total (Mt)
Cf(1,:)=10^9*COL(14,:);
Ct(1,:)=10^9*COL(15,:);%